95 4 74
96 86 83
42 13 78
10 86 44
55 18 8
87 44 93
51 1 28
7 50 25
75 50 58
41 66 9
7 76 17
2 50 95
58 11 87
8 29 38
83 26 39
29 19 47
31 11 98
95 17 15
80 88 54
50 22 37
26 1 46
70 4 10
27 53 67
13 29 34
6 43 72
89 24 24
86 46 32
11 11 56
10 11 60
3 21 62
41 9 88
51 82 28
91 13 23
30 3 65
80 19 81
65 89 73
42 90 65
30 63 75
5 15 90
90 60 92
49 24 33
6 71 20
45 55 61
45 98 11
1 57 44
67 31 91
74 45 22
87 60 30
96 11 46
13 47 68
37 2 53
31 80 78
33 74 48
61 21 35
13 97 92
55 30 6
32 38 83
99 16 16
70 62 63
3 9 60
74 32 8
93 8 97
57 69 77
65 35 57
44 13 24
87 75 63
38 42 81
40 81 10
84 38 85
37 61 19
16 31 65
88 87 88
27 20 89
95 97 60
29 67 4
27 55 3
91 83 87
1 64 67
78 34 51
98 9 70
12 21 9
58 50 5
91 56 26
36 60 55
73 42 45
21 11 15
6 57 82
83 46 77
31 15 66
98 10 53
38 28 11
20 84 77
52 70 17
99 36 99
76 56 23
32 28 22
23 57 23
37 92 52
87 28 74
31 27 35
38 93 46
73 98 32
45 54 58
68 69 41
97 7 22
83 7 90
55 99 87
44 76 52
30 2 36
59 32 56
3 21 43
82 61 42
54 4 57
90 86 73
64 54 88
82 40 85
30 5 22
84 76 28
48 94 18
93 44 97
96 86 23
3 65 49
97 15 46
79 29 3
33 64 13
14 79 22
64 47 61
50 29 27
35 18 44
16 34 66
25 60 60
60 93 1
51 62 89
39 85 25
40 51 75
19 52 13
15 34 15
95 29 96
36 47 58
95 67 48
5 82 81
79 55 69
43 72 70
13 63 18
32 26 62
37 10 78
51 16 65
32 2 99
52 29 31
64 25 47
43 56 94
42 34 3
43 60 95
7 75 80
42 2 71
96 63 4
34 98 38
79 45 52
82 73 81
81 28 26
38 79 47
24 70 7
24 90 91
59 93 49
82 44 40
85 89 99
29 55 65
27 30 27
10 63 11
43 59 61
22 62 33
70 68 96
33 19 32
64 73 73
13 75 5
88 97 1
12 96 83
81 53 72
60 11 49
20 15 8
96 81 31
30 37 32
17 12 76
44 52 71
67 64 81
92 15 55
23 21 65
11 31 63
77 40 10
60 10 57
47 14 5
25 68 92
42 82 38
73 72 85
25 68 45
13 15 88
90 68 96
94 97 93
42 85 50
68 53 97
22 56 3
19 96 39
66 43 95
89 50 33
18 49 49
79 86 62
19 65 26
21 70 41
61 53 16
12 82 83
42 73 30
41 51 16
83 6 72
6 47 71
93 2 18
63 77 48
44 62 98
88 50 88
71 2 86
61 57 44
24 55 60
13 47 77
4 77 98
33 96 80
90 13 19
54 28 68
24 98 75
67 67 20
84 54 24
41 69 50
30 22 49
28 82 91
12 81 54
41 60 1
50 11 66
19 97 37
70 17 73
18 38 58
68 56 87
40 28 93
53 62 8
49 4 75
31 62 30
27 43 46
15 82 39
75 18 56
54 66 56
86 71 53
76 13 83
90 60 27
5 71 53
60 88 97
92 2 8
90 87 35
8 43 74
27 4 55
20 92 39
31 85 62
37 66 90
55 72 91
91 41 3
4 22 71
93 54 94
41 82 16
49 63 78
21 79 28
78 49 9
29 71 67
87 73 86
91 24 22
7 38 29
17 99 47
33 4 22
3 34 49
61 78 11
23 81 23
83 16 87
62 76 23
82 63 69
36 16 48
85 2 31
73 35 44
86 33 64
32 88 75
7 75 15
60 67 92
56 64 92
63 9 8
35 44 62
7 34 37
77 97 87
73 18 33
19 88 44
66 37 49
59 52 28
12 56 1
9 23 95
77 79 51
56 22 93
24 38 90
82 80 99
27 54 91
88 34 58
82 41 79
48 90 28
43 5 56
80 24 88
62 97 12
41 99 18
37 17 96
39 95 50
54 84 56
50 32 98
36 24 23
42 26 81
16 30 88
24 14 17
38 43 15
2 21 82
87 86 54
73 52 17
62 44 46
30 94 7
72 93 73
58 44 1
66 20 72
30 25 70
29 13 4
79 2 52
36 52 64
73 62 45
44 62 72
7 80 82
36 86 36
82 51 20
44 79 99
15 36 1
10 58 61
83 45 39
13 82 42
94 93 42
42 98 31
28 14 81
29 60 39
90 94 39
35 47 62
84 36 22
52 22 17
63 63 5
84 61 18
34 93 97
40 41 93
93 40 53
88 16 66
18 85 76
62 20 63
23 48 97
77 29 47
20 42 72
26 79 35
27 44 53
63 95 66
41 51 53
46 41 7
9 95 21
56 35 36
40 2 44
41 62 13
20 57 65
51 20 99
21 68 61
19 61 71
13 54 90
10 21 69
10 77 8
91 68 33
27 64 8
37 85 78
90 85 82
41 44 39
2 90 31
54 25 73
46 89 34
49 43 80
45 30 80
75 31 84
6 29 88
32 25 56
92 84 82
83 28 76
89 72 11
52 9 31
38 56 52
34 46 78
99 77 21
27 91 55
97 16 54
97 35 15
50 69 66
75 61 41
90 63 62
58 60 70
69 92 22
50 37 75
33 71 82
10 33 47
35 65 92
27 85 13
22 91 37
95 3 39
64 63 95
12 44 83
17 41 18
51 58 99
34 47 78
79 65 64
33 40 37
20 41 96
49 63 77
49 37 68
33 73 90
82 85 74
79 22 28
99 93 91
29 84 7
92 93 38
35 42 27
73 63 62
3 45 23
98 62 80
7 68 5
50 18 84
10 52 62
4 99 43
37 34 47
45 90 56
89 56 70
39 14 94
41 60 11
29 80 40
52 81 59
48 92 25
87 78 66
23 83 41
76 32 42
84 36 29
15 57 55
66 10 7
10 67 54
10 10 58
74 80 71
22 51 19
84 89 41
22 58 12
90 66 72
30 63 82
53 57 24
81 14 23
85 86 71
52 39 26
71 77 69
9 49 4
70 55 80
23 99 47
88 92 99
43 75 43
35 80 5
72 56 53
34 92 66
49 36 65
48 32 51
15 51 80
43 81 18
69 59 8
2 30 57
76 93 22
24 43 11
28 18 58
22 99 21
17 74 56
37 21 19
16 75 67
96 73 42
19 1 94
25 65 21
96 70 27
95 58 99
45 25 93
54 20 15
92 93 52
59 26 8
61 33 39
89 86 55
89 79 20
80 5 43
17 4 52
38 25 29
94 22 17
57 91 95
26 61 56
53 5 79
90 59 74
86 64 33
81 8 84
71 6 78
80 65 21
50 38 17
62 54 69
23 65 5
91 5 42
43 63 26
99 37 75
40 89 46
68 30 39
20 56 18
45 23 16
38 77 26
75 75 23
40 90 50
11 67 94
70 95 59
91 39 44
59 72 68
3 40 75
74 82 8
77 42 97
52 78 42
88 53 27
16 67 87
3 60 46
25 30 23
51 98 35
79 29 18
73 85 51
47 35 37
50 1 93
16 62 49
53 59 88
53 81 42
33 75 71
56 56 13
23 78 11
53 24 84
73 97 13
80 78 92
91 41 18
89 65 66
94 87 97
97 72 71
34 98 17
92 47 53
46 17 29
38 25 57
27 97 77
10 42 65
36 72 80
96 62 40
25 43 11
6 62 69
15 25 7
40 19 25
67 80 50
60 34 61
63 53 17
61 63 67
89 84 45
33 61 99
90 38 37
76 68 5
43 41 55
60 23 1
51 87 79
53 43 61
15 76 38
19 33 9
24 64 79
44 16 77
25 82 63
7 49 80
87 90 13
46 17 93
7 4 30
17 10 75
87 36 42
83 19 85
61 71 6
28 53 5
25 99 25
77 35 41
37 44 38
98 65 52
49 69 59
45 13 29
79 8 54
4 56 80
35 41 64
78 45 77
75 60 38
9 21 18
69 29 68
88 79 65
37 89 71
90 35 50
26 17 58
76 49 46
50 21 43
45 42 93
77 59 99
61 23 6
15 40 48
41 76 84
61 90 28
88 67 66
9 45 7
15 52 29
19 99 11
91 59 99
74 24 86
75 12 21
66 76 66
65 75 94
2 84 41
74 15 58
18 62 54
77 36 97
87 62 8
70 42 24
94 23 81
49 67 52
98 86 78
8 23 90
1 43 70
13 13 67
88 45 84
53 74 96
45 97 87
89 88 50
14 95 35
43 71 53
14 53 18
88 76 29
79 10 40
64 76 92
27 74 50
40 82 96
39 41 49
84 4 69
65 9 98
29 94 27
55 57 72
17 98 60
49 1 68
56 73 64
57 81 21
94 62 14
99 73 14
38 5 30
5 29 49
48 24 67
31 51 16
13 9 19
21 11 75
90 91 82
28 83 68
84 27 23
48 70 47
84 30 22
14 18 53
43 13 70
11 1 76
2 25 23
49 45 73
3 74 52
38 10 82
31 10 22
62 20 2
27 1 53
20 46 22
93 99 90
66 78 97
6 80 90
6 27 58
45 35 82
49 46 96
95 47 20
40 82 8
32 80 92
68 83 1
24 81 78
2 55 45
82 36 95
55 32 30
91 26 83
63 17 84
20 77 54
57 25 98
2 54 18
82 34 97
5 38 96
89 82 45
80 43 80
37 67 10
1 41 16
90 48 57
25 69 64
9 48 6
47 66 57
79 1 1
28 99 3
98 50 94
33 2 43
38 82 73
5 82 11
44 57 83
83 11 6
61 58 65
34 96 89
91 43 16
87 1 43
79 10 68
8 2 90
22 57 46
14 87 86
90 4 66
95 3 10
73 96 89
95 66 42
38 65 54
6 42 59
27 50 81
31 26 72
42 37 55
93 62 53
60 47 71
78 43 92
23 96 41
7 15 5
53 84 43
27 70 36
37 16 16
87 86 37
5 59 78
93 53 66
54 80 34
36 35 20
71 59 22
61 82 45
18 20 36
76 77 41
29 15 66
19 57 46
37 72 60
34 73 84
15 30 43
74 53 34
71 18 49
24 56 11
15 75 34
71 69 67
2 28 81
37 64 39
99 35 24
87 98 63
59 37 86
38 47 52
3 44 67
2 6 60
92 6 59
56 5 81
13 66 3
93 33 45
3 77 65
5 75 19
11 83 19
86 64 20
24 76 29
81 68 26
1 99 23
21 45 59
79 44 30
42 75 32
60 66 5
41 36 69
87 98 68
48 90 23
42 6 41
40 32 28
53 31 98
77 93 33
23 81 33
7 25 32
88 68 9
86 27 98
15 83 41
59 94 69
57 52 9
1 79 39
18 40 12
2 89 44
34 82 72
71 19 54
36 80 73
37 59 22
14 56 79
42 25 49
87 93 37
29 20 42
25 23 3
93 88 85
20 87 79
64 52 44
27 44 64
86 23 14
96 20 92
86 86 23
60 76 16
63 15 95
8 5 63
31 47 96
52 43 91
88 18 72
43 50 4
35 16 80
84 1 70
23 33 99
49 38 36
79 33 13
70 57 72
84 57 47
81 95 97
68 35 80
23 8 3
21 44 36
20 26 60
35 78 15
25 84 72
63 82 10
60 73 10
78 19 61
99 58 93
56 53 20
83 17 66
90 1 26
97 28 93
1 60 8
52 35 78
58 60 72
75 19 14
88 8 61
70 44 88
41 21 86
43 63 72
41 51 61
48 34 84
46 65 54
16 60 14
3 26 84
82 41 98
22 81 35
7 95 10
5 21 56
37 56 8
8 58 97
35 12 83
17 10 26
87 29 53
59 72 47
48 67 18
5 59 79
87 21 81
38 34 56
52 44 14
28 10 9
46 8 3
17 67 14
1 66 31
72 34 52
81 47 23
62 56 53
38 33 97
28 20 37
16 97 78
27 64 66
12 60 20
44 13 64
45 32 1
4 4 92
48 15 87
29 56 86
34 90 87
60 89 76
12 19 88
66 1 70
36 73 2
65 60 74
33 37 34
58 18 25
53 35 29
5 79 5
49 86 41
91 93 74
79 52 70
43 33 94
76 78 31
30 68 31
91 83 54
13 96 20
53 76 72
62 8 55
47 7 39
83 17 15
29 44 80
27 86 9
5 89 4
39 81 39
93 23 66
98 14 96
50 36 89
22 39 18
3 17 44
15 96 27
56 92 62
17 2 24
50 65 97
45 9 8
16 14 94
33 68 84
89 49 93
42 33 80
25 7 6
63 24 69
65 89 93
77 83 89
77 77 22
43 48 49
99 5 28
82 7 25
24 69 48
59 26 47
33 14 60
82 92 94
18 87 41
28 80 20
15 38 31
6 56 91
63 46 1
44 43 28
53 42 1
81 39 55
22 6 64
46 44 69
29 95 85
27 25 61
8 71 25
8 68 68
94 19 14
56 96 79
47 88 70
32 29 50
93 37 48
85 6 75
56 68 93
61 76 61
6 36 22
40 37 71
4 45 73
33 87 21
42 65 10
84 98 55
98 97 66
35 34 88
13 22 66
50 52 99
74 33 42
52 50 60
58 8 52
99 29 84
76 60 49
27 44 40
66 71 70
38 62 78
94 70 3
33 27 15
6 54 93
73 58 54
78 89 15
49 26 90
4 99 69
82 59 73
39 85 78
26 83 80
30 36 70
63 57 80
58 25 81
38 93 74
91 3 3
95 48 55
26 17 46
79 35 63
10 13 12
29 93 41
36 80 70
13 44 22
84 15 32
35 90 2
10 65 7
94 91 56
71 44 37
24 1 66
35 51 2
8 54 45
68 29 31
40 2 13
5 78 59
80 12 34
23 90 27
44 69 70
57 16 22
56 58 50
4 13 80
4 78 93
21 76 61
87 67 61
70 69 63
93 90 13
96 91 33
4 1 10
40 90 81
31 50 38
23 13 71
81 37 89
33 1 1
66 59 35
72 35 23
65 74 1
8 64 26
10 59 67
17 99 12
70 64 87
12 90 26
23 64 55
90 88 33
74 60 89
13 31 32
98 32 65
86 75 16
81 24 86
13 14 53
4 65 37
77 62 37
13 54 69
9 49 70
68 74 85
67 33 4
36 96 29
35 19 68
46 83 89
72 31 66
40 11 51
2 86 24
96 96 97
53 1 76
63 89 82
94 19 1
30 14 90
83 77 17
25 69 46
68 31 79
48 41 24
3 69 38
20 66 88
62 71 37
7 82 96
52 71 29
85 52 65
88 42 18
76 57 34
34 77 18
77 28 66
19 6 59
53 61 21
44 75 52
13 68 42
54 77 94
21 73 97
18 83 79
14 59 98
6 27 13
5 85 89
71 84 44
70 87 77
37 98 11
9 41 76
13 76 73
75 22 80
39 14 4
20 60 45
86 5 47
60 47 35
8 40 89
62 42 84
98 83 89
17 83 74
87 9 42
3 2 82
26 31 5
33 65 71
85 51 24
99 83 82
31 76 51
75 1 2
86 50 35
89 76 38
90 22 31
29 32 51
3 84 4
64 35 17
30 75 74
19 76 90
60 99 1
7 86 7
24 12 9
41 17 51
48 36 55
66 43 43
41 57 20
73 96 99
78 67 42
35 46 26
28 68 73
45 30 77
38 83 36
24 6 20
43 62 68
53 16 98
62 63 32
31 78 20
70 87 3
1 29 20
65 88 66
82 14 48
77 4 7
77 29 59
8 17 51
1 31 35
32 26 51
43 73 82
93 96 90
54 74 43
74 38 55
17 58 17
53 60 49
20 76 13
91 84 35
73 24 61
68 70 57
67 69 3
68 23 16
83 89 17
58 24 29
64 3 90
5 91 58
35 47 70
86 12 50
39 51 89
48 21 73
30 85 5
85 7 68
52 48 36
2 70 71
32 62 52
83 28 81
44 69 32
3 34 23
86 81 57
53 30 72
27 36 69
44 29 39
25 78 96
23 52 44
23 34 77
99 54 50
97 55 24
9 4 52
41 27 51
81 99 26
12 99 18
64 74 34
2 87 33
14 58 49
85 22 17
88 79 1
46 86 27
8 55 75
49 19 32
18 4 2
87 44 79
70 11 53
26 59 59
43 97 67
17 84 96
74 23 82
35 52 47
51 35 13
99 5 44
42 16 56
3 84 84
32 26 15
70 15 11
63 62 21
41 4 89
60 90 71
78 74 95
49 82 51
55 36 9
66 71 7
10 84 44
4 40 13
82 85 58
82 5 9
71 71 89
27 11 32
23 39 14
73 64 41
61 53 3
33 77 89
7 4 44
5 54 78
76 38 63
76 78 6
13 95 69
87 77 11
62 28 26
76 43 32
92 36 20
3 43 87
11 49 9
69 76 2
64 67 18
11 50 72
69 47 61
9 60 68
71 73 76
91 71 49
63 30 60
12 12 18
59 74 95
76 66 29
96 44 20
68 23 10
93 52 78
54 7 96
71 83 76
52 31 69
11 19 77
60 6 46
42 52 56
99 52 76
77 93 80
32 13 17
49 4 51
66 98 20
70 10 23
63 41 28
42 8 43
27 65 48
51 37 38
73 26 70
54 94 99
3 76 14
17 39 71
59 4 28
19 45 21
58 89 95
24 79 11
29 57 44
34 51 29
33 80 75
78 75 78
80 12 4
20 68 34
10 47 3
56 83 5
15 8 20
27 93 48
43 50 47
60 26 37
56 69 26
85 83 58
96 80 28
50 39 34
17 38 21
62 15 32
9 72 74
40 19 43
9 6 87
27 36 26
31 21 85
66 64 99
8 24 63
44 59 3
76 65 69
85 11 55
28 80 35
15 51 53
63 16 50
82 76 77
71 69 45
3 19 19
48 50 74
21 54 90
68 64 13
71 63 53
73 24 95
32 99 55
90 16 69
33 3 48
49 26 47
86 73 90
58 74 46
51 38 61
80 7 27
45 47 87
41 92 52
97 9 53
82 39 69
89 12 4
49 16 47
26 71 29
43 82 90
23 13 89
7 23 85
34 51 93
29 46 69
82 91 11
95 52 17
94 4 34
21 69 62
43 3 22
14 55 35
98 2 64
96 19 79
63 90 86
67 48 88
76 60 66
34 67 24
37 30 20
12 49 79
57 2 44
27 63 21
63 21 96
58 31 45
6 85 73
31 33 61
31 27 55
46 45 9
96 10 35
97 77 25
16 87 52
85 40 17
35 36 28
66 4 28
91 18 30
22 29 81
51 6 97
58 80 23
24 11 56
36 31 54
85 65 44
72 43 44
92 21 46
56 95 96
34 65 23
28 55 28
78 75 80
53 47 71
27 58 7
30 61 29
61 99 6
73 80 38
84 19 74
86 30 9
36 94 10
1 24 16
99 96 56
29 58 55
73 32 19
72 45 85
37 62 59
17 95 96
91 61 84
84 43 36
53 92 46
72 18 52
62 27 34
91 31 64
73 32 41
50 1 48
20 13 73
89 49 67
49 19 99
13 10 63
31 16 53
20 75 66
10 1 14
66 10 19
51 46 31
94 43 64
55 41 60
37 64 31
62 64 43
78 23 99
53 49 17
71 60 16
12 54 56
75 41 99
34 54 3
54 38 3
36 54 75
36 57 69
3 94 51
22 58 12
23 32 77
15 13 60
3 80 85
16 83 89
8 80 99
61 3 11
29 8 27
40 42 68
24 18 91
48 68 66
65 89 95
45 52 10
22 20 41
42 52 57
18 21 71
86 28 77
69 42 92
40 93 50
85 83 89
10 91 95
69 54 13
19 51 93
93 63 28
90 39 83
70 86 55
69 23 22
97 38 89
15 78 26
74 25 96
46 60 69
20 13 28
46 73 97
44 98 69
78 92 65
50 79 3
9 70 7
94 16 61
68 13 54
6 54 76
86 45 26
96 48 4
59 70 27
55 24 14
57 26 24
52 19 45
25 65 99
24 65 55
90 51 44
9 52 1
74 41 19
22 57 54
43 81 44
62 91 9
76 54 46
93 37 90
37 16 93
9 80 89
77 63 79
71 7 97
59 50 19
27 81 83
94 36 68
70 9 37
2 63 74
90 47 12
9 96 14
54 71 36
7 65 60
30 45 94
74 72 75
47 3 41
90 50 73
62 98 2
22 66 8
56 8 18
16 86 16
68 63 10
83 5 78
